0.000000 0.000000
0.010000 0.039600
0.020000 0.078400
0.030000 0.116400
0.040000 0.153600
0.050000 0.190000
0.060000 0.225600
0.070000 0.260400
0.080000 0.294400
0.090000 0.327600
0.100000 0.360000
0.110000 0.391600
0.120000 0.422400
0.130000 0.452400
0.140000 0.481600
0.150000 0.510000
0.160000 0.537600
0.170000 0.564400
0.180000 0.590400
0.190000 0.615600
0.200000 0.640000
0.210000 0.663600
0.220000 0.686400
0.230000 0.708400
0.240000 0.729600
0.250000 0.750000
0.260000 0.769600
0.270000 0.788400
0.280000 0.806400
0.290000 0.823600
0.300000 0.840000
0.310000 0.855600
0.320000 0.870400
0.330000 0.884400
0.340000 0.897600
0.350000 0.910000
0.360000 0.921600
0.370000 0.932400
0.380000 0.942400
0.390000 0.951600
0.400000 0.960000
0.410000 0.967600
0.420000 0.974400
0.430000 0.980400
0.440000 0.985600
0.450000 0.990000
0.460000 0.993600
0.470000 0.996400
0.480000 0.998400
0.490000 0.999600
0.500000 1.000000
0.510000 0.999600
0.520000 0.998400
0.530000 0.996400
0.540000 0.993600
0.550000 0.990000
0.560000 0.985600
0.570000 0.980400
0.580000 0.974400
0.590000 0.967600
0.600000 0.960000
0.610000 0.951600
0.620000 0.942400
0.630000 0.932400
0.640000 0.921600
0.650000 0.910000
0.660000 0.897600
0.670000 0.884400
0.680000 0.870400
0.690000 0.855601
0.700000 0.840001
0.710000 0.823601
0.720000 0.806401
0.730000 0.788401
0.740000 0.769601
0.750000 0.750001
0.760000 0.729601
0.770000 0.708401
0.780000 0.686401
0.790000 0.663601
0.800000 0.640001
0.810000 0.615601
0.820000 0.590401
0.830000 0.564401
0.839999 0.537601
0.849999 0.510001
0.859999 0.481602
0.869999 0.452402
0.879999 0.422402
0.889999 0.391602
0.899999 0.360002
0.909999 0.327602
0.919999 0.294402
0.929999 0.260402
0.939999 0.225602
0.949999 0.190002
0.959999 0.153602
0.969999 0.116402
0.979999 0.078402
0.989999 0.000000
