0.000000 0.000000
0.010000 0.001603
0.020000 0.003205
0.030000 0.004803
0.040000 0.006397
0.050000 0.007984
0.060000 0.009563
0.070000 0.011133
0.080000 0.012691
0.090000 0.014237
0.100000 0.015768
0.110000 0.017283
0.120000 0.018781
0.130000 0.020260
0.140000 0.021719
0.150000 0.023155
0.160000 0.024569
0.170000 0.025957
0.180000 0.027320
0.190000 0.028655
0.200000 0.029961
0.210000 0.031237
0.220000 0.032482
0.230000 0.033693
0.240000 0.034871
0.250000 0.036014
0.260000 0.037121
0.270000 0.038190
0.280000 0.039221
0.290000 0.040212
0.300000 0.041163
0.310000 0.042072
0.320000 0.042939
0.330000 0.043762
0.340000 0.044542
0.350000 0.045277
0.360000 0.045966
0.370000 0.046609
0.380000 0.047205
0.390000 0.047753
0.400000 0.048254
0.410000 0.048705
0.420000 0.049108
0.430000 0.049461
0.440000 0.049765
0.450000 0.050018
0.460000 0.050221
0.470000 0.050374
0.480000 0.050475
0.490000 0.050526
0.500000 0.050526
0.510000 0.050475
0.520000 0.050374
0.530000 0.050221
0.540000 0.050018
0.550000 0.049765
0.560000 0.049461
0.570000 0.049108
0.580000 0.048705
0.590000 0.048254
0.600000 0.047753
0.610000 0.047205
0.620000 0.046609
0.630000 0.045966
0.640000 0.045277
0.650000 0.044542
0.660000 0.043763
0.670000 0.042939
0.680000 0.042072
0.690000 0.041163
0.700000 0.040212
0.710000 0.039221
0.720000 0.038190
0.730000 0.037121
0.740000 0.036014
0.750000 0.034871
0.760000 0.033694
0.770000 0.032482
0.780000 0.031237
0.790000 0.029961
0.800000 0.028655
0.810000 0.027320
0.820000 0.025957
0.830000 0.024569
0.839999 0.023155
0.849999 0.021719
0.859999 0.020260
0.869999 0.018781
0.879999 0.017283
0.889999 0.015768
0.899999 0.014237
0.909999 0.012691
0.919999 0.011133
0.929999 0.009563
0.939999 0.007984
0.949999 0.006397
0.959999 0.004803
0.969999 0.003205
0.979999 0.001603
0.989999 0.000000
