0.000000 0.000000
0.010000 0.000078
0.020000 0.000156
0.030000 0.000234
0.040000 0.000312
0.050000 0.000389
0.060000 0.000466
0.070000 0.000543
0.080000 0.000619
0.090000 0.000694
0.100000 0.000769
0.110000 0.000842
0.120000 0.000915
0.130000 0.000988
0.140000 0.001059
0.150000 0.001129
0.160000 0.001198
0.170000 0.001265
0.180000 0.001332
0.190000 0.001397
0.200000 0.001460
0.210000 0.001523
0.220000 0.001583
0.230000 0.001642
0.240000 0.001700
0.250000 0.001755
0.260000 0.001809
0.270000 0.001861
0.280000 0.001912
0.290000 0.001960
0.300000 0.002006
0.310000 0.002051
0.320000 0.002093
0.330000 0.002133
0.340000 0.002171
0.350000 0.002207
0.360000 0.002241
0.370000 0.002272
0.380000 0.002301
0.390000 0.002328
0.400000 0.002352
0.410000 0.002374
0.420000 0.002394
0.430000 0.002411
0.440000 0.002426
0.450000 0.002438
0.460000 0.002448
0.470000 0.002455
0.480000 0.002460
0.490000 0.002463
0.500000 0.002463
0.510000 0.002460
0.520000 0.002455
0.530000 0.002448
0.540000 0.002438
0.550000 0.002426
0.560000 0.002411
0.570000 0.002394
0.580000 0.002374
0.590000 0.002352
0.600000 0.002328
0.610000 0.002301
0.620000 0.002272
0.630000 0.002241
0.640000 0.002207
0.650000 0.002171
0.660000 0.002133
0.670000 0.002093
0.680000 0.002051
0.690000 0.002006
0.700000 0.001960
0.710000 0.001912
0.720000 0.001861
0.730000 0.001809
0.740000 0.001755
0.750000 0.001700
0.760000 0.001642
0.770000 0.001583
0.780000 0.001523
0.790000 0.001460
0.800000 0.001397
0.810000 0.001332
0.820000 0.001265
0.830000 0.001198
0.839999 0.001129
0.849999 0.001059
0.859999 0.000988
0.869999 0.000915
0.879999 0.000842
0.889999 0.000769
0.899999 0.000694
0.909999 0.000619
0.919999 0.000543
0.929999 0.000466
0.939999 0.000389
0.949999 0.000312
0.959999 0.000234
0.969999 0.000156
0.979999 0.000078
0.989999 0.000000
