-5.000000 0.000000
-4.950000 0.000000
-4.900000 0.000000
-4.849999 0.000000
-4.799999 0.000000
-4.749999 0.000000
-4.699999 0.000000
-4.649999 0.000000
-4.599998 0.000000
-4.549998 0.000000
-4.499998 0.000000
-4.449998 0.000000
-4.399998 0.000000
-4.349998 0.000000
-4.299997 0.000000
-4.249997 0.000000
-4.199997 0.000000
-4.149997 0.000000
-4.099997 0.000000
-4.049996 0.000000
-3.999996 0.000000
-3.949996 0.000000
-3.899997 0.000000
-3.849997 0.000000
-3.799997 0.000001
-3.749997 0.000001
-3.699997 0.000001
-3.649997 0.000002
-3.599997 0.000002
-3.549997 0.000003
-3.499997 0.000005
-3.449997 0.000007
-3.399997 0.000010
-3.349997 0.000013
-3.299997 0.000019
-3.249997 0.000026
-3.199997 0.000036
-3.149997 0.000049
-3.099997 0.000067
-3.049997 0.000091
-2.999997 0.000123
-2.949997 0.000166
-2.899997 0.000223
-2.849998 0.000297
-2.799998 0.000394
-2.749998 0.000520
-2.699998 0.000682
-2.649998 0.000892
-2.599998 0.001159
-2.549998 0.001500
-2.499998 0.001930
-2.449998 0.002473
-2.399998 0.003151
-2.349998 0.003996
-2.299998 0.005042
-2.249998 0.006330
-2.199998 0.007907
-2.149998 0.009828
-2.099998 0.012155
-2.049998 0.014958
-1.999998 0.018316
-1.949998 0.022315
-1.899998 0.027052
-1.849998 0.032631
-1.799999 0.039164
-1.749999 0.046771
-1.699999 0.055576
-1.649999 0.065711
-1.599999 0.077305
-1.549999 0.090492
-1.499999 0.105400
-1.449999 0.122151
-1.399999 0.140859
-1.349999 0.161622
-1.299999 0.184520
-1.249999 0.209612
-1.199999 0.236928
-1.149999 0.266469
-1.099999 0.298198
-1.049999 0.332040
-0.999999 0.367880
-0.949999 0.405555
-0.899999 0.444859
-0.849999 0.485538
-0.799999 0.527293
-0.749999 0.569784
-0.699999 0.612627
-0.649999 0.655407
-0.599999 0.697677
-0.549999 0.738969
-0.499999 0.778802
-0.449999 0.816687
-0.399999 0.852144
-0.349999 0.884706
-0.299999 0.913932
-0.249999 0.939413
-0.199999 0.960790
-0.149999 0.977751
-0.099999 0.990050
-0.049999 0.997503
0.000001 1.000000
0.050001 0.997503
0.100001 0.990050
0.150001 0.977751
0.200001 0.960789
0.250001 0.939413
0.300001 0.913931
0.350001 0.884705
0.400001 0.852143
0.450001 0.816686
0.500001 0.778800
0.550001 0.738968
0.600001 0.697676
0.650001 0.655405
0.700001 0.612626
0.750001 0.569782
0.800001 0.527292
0.850001 0.485536
0.900001 0.444857
0.950001 0.405554
1.000001 0.367879
1.050001 0.332039
1.100001 0.298197
1.150001 0.266468
1.200001 0.236927
1.250001 0.209611
1.300001 0.184519
1.350001 0.161621
1.400001 0.140858
1.450001 0.122150
1.500001 0.105399
1.550001 0.090491
1.600001 0.077305
1.650000 0.065710
1.700000 0.055576
1.750000 0.046771
1.800000 0.039164
1.850000 0.032631
1.900000 0.027052
1.950000 0.022315
2.000000 0.018316
2.050000 0.014958
2.100000 0.012155
2.150000 0.009828
2.200000 0.007907
2.250000 0.006330
2.300000 0.005042
2.350000 0.003996
2.400000 0.003151
2.450000 0.002473
2.500000 0.001930
2.550000 0.001500
2.600000 0.001159
2.650000 0.000892
2.700000 0.000682
2.750000 0.000520
2.799999 0.000394
2.849999 0.000297
2.899999 0.000223
2.949999 0.000166
2.999999 0.000123
3.049999 0.000091
3.099999 0.000067
3.149999 0.000049
3.199999 0.000036
3.249999 0.000026
3.299999 0.000019
3.349999 0.000013
3.399999 0.000010
3.449999 0.000007
3.499999 0.000005
3.549999 0.000003
3.599999 0.000002
3.649999 0.000002
3.699999 0.000001
3.749999 0.000001
3.799999 0.000001
3.849998 0.000000
3.899998 0.000000
3.949998 0.000000
3.999998 0.000000
4.049998 0.000000
4.099998 0.000000
4.149999 0.000000
4.199999 0.000000
4.249999 0.000000
4.299999 0.000000
4.349999 0.000000
4.400000 0.000000
4.450000 0.000000
4.500000 0.000000
4.550000 0.000000
4.600000 0.000000
4.650001 0.000000
4.700001 0.000000
4.750001 0.000000
4.800001 0.000000
4.850001 0.000000
4.900002 0.000000
4.950002 0.000000
