-5.000000 0.000000
-4.950000 0.000004
-4.900000 0.000007
-4.849999 0.000012
-4.799999 0.000016
-4.749999 0.000022
-4.699999 0.000028
-4.649999 0.000035
-4.599998 0.000044
-4.549998 0.000055
-4.499998 0.000068
-4.449998 0.000083
-4.399998 0.000102
-4.349998 0.000125
-4.299997 0.000152
-4.249997 0.000185
-4.199997 0.000224
-4.149997 0.000270
-4.099997 0.000326
-4.049996 0.000392
-3.999996 0.000471
-3.949996 0.000564
-3.899997 0.000674
-3.849997 0.000803
-3.799997 0.000956
-3.749997 0.001134
-3.699997 0.001343
-3.649997 0.001586
-3.599997 0.001870
-3.549997 0.002200
-3.499997 0.002581
-3.449997 0.003022
-3.399997 0.003530
-3.349997 0.004115
-3.299997 0.004785
-3.249997 0.005552
-3.199997 0.006428
-3.149997 0.007424
-3.099997 0.008556
-3.049997 0.009838
-2.999997 0.011287
-2.949997 0.012919
-2.899997 0.014754
-2.849998 0.016812
-2.799998 0.019114
-2.749998 0.021681
-2.699998 0.024538
-2.649998 0.027709
-2.599998 0.031218
-2.549998 0.035092
-2.499998 0.039357
-2.449998 0.044041
-2.399998 0.049170
-2.349998 0.054773
-2.299998 0.060876
-2.249998 0.067506
-2.199998 0.074688
-2.149998 0.082447
-2.099998 0.090806
-2.049998 0.099786
-1.999998 0.109405
-1.949998 0.119680
-1.899998 0.130623
-1.849998 0.142243
-1.799999 0.154546
-1.749999 0.167533
-1.699999 0.181198
-1.649999 0.195534
-1.599999 0.210526
-1.549999 0.226152
-1.499999 0.242388
-1.449999 0.259199
-1.399999 0.276548
-1.349999 0.294388
-1.299999 0.312668
-1.249999 0.331330
-1.199999 0.350309
-1.149999 0.369535
-1.099999 0.388931
-1.049999 0.408416
-0.999999 0.427903
-0.949999 0.447303
-0.899999 0.466522
-0.849999 0.485462
-0.799999 0.504024
-0.749999 0.522107
-0.699999 0.539611
-0.649999 0.556435
-0.599999 0.572480
-0.549999 0.587648
-0.499999 0.601848
-0.449999 0.614991
-0.399999 0.626994
-0.349999 0.637779
-0.299999 0.647276
-0.249999 0.655422
-0.199999 0.662163
-0.149999 0.667454
-0.099999 0.671259
-0.049999 0.673552
0.000001 0.674318
0.050001 0.673552
0.100001 0.671259
0.150001 0.667454
0.200001 0.662163
0.250001 0.655421
0.300001 0.647275
0.350001 0.637779
0.400001 0.626994
0.450001 0.614991
0.500001 0.601848
0.550001 0.587647
0.600001 0.572479
0.650001 0.556435
0.700001 0.539611
0.750001 0.522106
0.800001 0.504023
0.850001 0.485461
0.900001 0.466521
0.950001 0.447303
1.000001 0.427903
1.050001 0.408415
1.100001 0.388930
1.150001 0.369534
1.200001 0.350308
1.250001 0.331330
1.300001 0.312668
1.350001 0.294387
1.400001 0.276547
1.450001 0.259198
1.500001 0.242387
1.550001 0.226152
1.600001 0.210525
1.650000 0.195533
1.700000 0.181198
1.750000 0.167532
1.800000 0.154546
1.850000 0.142243
1.900000 0.130623
1.950000 0.119680
2.000000 0.109405
2.050000 0.099786
2.100000 0.090806
2.150000 0.082447
2.200000 0.074688
2.250000 0.067505
2.300000 0.060876
2.350000 0.054773
2.400000 0.049170
2.450000 0.044040
2.500000 0.039357
2.550000 0.035091
2.600000 0.031218
2.650000 0.027708
2.700000 0.024538
2.750000 0.021681
2.799999 0.019114
2.849999 0.016812
2.899999 0.014754
2.949999 0.012919
2.999999 0.011287
3.049999 0.009838
3.099999 0.008556
3.149999 0.007424
3.199999 0.006428
3.249999 0.005552
3.299999 0.004785
3.349999 0.004115
3.399999 0.003530
3.449999 0.003022
3.499999 0.002581
3.549999 0.002200
3.599999 0.001870
3.649999 0.001586
3.699999 0.001343
3.749999 0.001134
3.799999 0.000955
3.849998 0.000803
3.899998 0.000674
3.949998 0.000564
3.999998 0.000471
4.049998 0.000392
4.099998 0.000326
4.149999 0.000270
4.199999 0.000224
4.249999 0.000184
4.299999 0.000152
4.349999 0.000125
4.400000 0.000102
4.450000 0.000083
4.500000 0.000067
4.550000 0.000054
4.600000 0.000043
4.650001 0.000034
4.700001 0.000027
4.750001 0.000020
4.800001 0.000014
4.850001 0.000009
4.900002 0.000005
4.950002 0.000000
