-5.000000 0.000000
-4.950000 0.000103
-4.900000 0.000207
-4.849999 0.000316
-4.799999 0.000429
-4.749999 0.000550
-4.699999 0.000680
-4.649999 0.000821
-4.599998 0.000976
-4.549998 0.001146
-4.499998 0.001334
-4.449998 0.001543
-4.399998 0.001776
-4.349998 0.002035
-4.299997 0.002324
-4.249997 0.002646
-4.199997 0.003005
-4.149997 0.003406
-4.099997 0.003851
-4.049996 0.004346
-3.999996 0.004897
-3.949996 0.005507
-3.899997 0.006184
-3.849997 0.006932
-3.799997 0.007759
-3.749997 0.008672
-3.699997 0.009676
-3.649997 0.010781
-3.599997 0.011995
-3.549997 0.013324
-3.499997 0.014780
-3.449997 0.016369
-3.399997 0.018104
-3.349997 0.019992
-3.299997 0.022045
-3.249997 0.024273
-3.199997 0.026687
-3.149997 0.029298
-3.099997 0.032117
-3.049997 0.035156
-2.999997 0.038426
-2.949997 0.041938
-2.899997 0.045704
-2.849998 0.049736
-2.799998 0.054043
-2.749998 0.058638
-2.699998 0.063530
-2.649998 0.068729
-2.599998 0.074245
-2.549998 0.080085
-2.499998 0.086258
-2.449998 0.092771
-2.399998 0.099629
-2.349998 0.106837
-2.299998 0.114398
-2.249998 0.122314
-2.199998 0.130586
-2.149998 0.139213
-2.099998 0.148192
-2.049998 0.157519
-1.999998 0.167187
-1.949998 0.177187
-1.899998 0.187510
-1.849998 0.198143
-1.799999 0.209071
-1.749999 0.220279
-1.699999 0.231745
-1.649999 0.243451
-1.599999 0.255373
-1.549999 0.267484
-1.499999 0.279759
-1.449999 0.292167
-1.399999 0.304678
-1.349999 0.317258
-1.299999 0.329871
-1.249999 0.342484
-1.199999 0.355056
-1.149999 0.367549
-1.099999 0.379923
-1.049999 0.392137
-0.999999 0.404149
-0.949999 0.415916
-0.899999 0.427396
-0.849999 0.438548
-0.799999 0.449328
-0.749999 0.459697
-0.699999 0.469614
-0.649999 0.479039
-0.599999 0.487934
-0.549999 0.496264
-0.499999 0.503994
-0.449999 0.511092
-0.399999 0.517526
-0.349999 0.523271
-0.299999 0.528301
-0.249999 0.532595
-0.199999 0.536134
-0.149999 0.538903
-0.099999 0.540890
-0.049999 0.542085
0.000001 0.542484
0.050001 0.542085
0.100001 0.540890
0.150001 0.538903
0.200001 0.536134
0.250001 0.532595
0.300001 0.528301
0.350001 0.523270
0.400001 0.517526
0.450001 0.511091
0.500001 0.503994
0.550001 0.496263
0.600001 0.487933
0.650001 0.479038
0.700001 0.469613
0.750001 0.459697
0.800001 0.449328
0.850001 0.438547
0.900001 0.427396
0.950001 0.415915
1.000001 0.404148
1.050001 0.392136
1.100001 0.379923
1.150001 0.367548
1.200001 0.355055
1.250001 0.342483
1.300001 0.329871
1.350001 0.317257
1.400001 0.304677
1.450001 0.292166
1.500001 0.279758
1.550001 0.267484
1.600001 0.255372
1.650000 0.243451
1.700000 0.231745
1.750000 0.220278
1.800000 0.209071
1.850000 0.198143
1.900000 0.187510
1.950000 0.177187
2.000000 0.167186
2.050000 0.157519
2.100000 0.148192
2.150000 0.139213
2.200000 0.130586
2.250000 0.122314
2.300000 0.114397
2.350000 0.106836
2.400000 0.099628
2.450000 0.092771
2.500000 0.086258
2.550000 0.080085
2.600000 0.074244
2.650000 0.068729
2.700000 0.063530
2.750000 0.058638
2.799999 0.054043
2.849999 0.049736
2.899999 0.045704
2.949999 0.041938
2.999999 0.038425
3.049999 0.035156
3.099999 0.032117
3.149999 0.029298
3.199999 0.026687
3.249999 0.024273
3.299999 0.022045
3.349999 0.019992
3.399999 0.018103
3.449999 0.016369
3.499999 0.014778
3.549999 0.013323
3.599999 0.011993
3.649999 0.010780
3.699999 0.009674
3.749999 0.008669
3.799999 0.007756
3.849998 0.006929
3.899998 0.006180
3.949998 0.005502
3.999998 0.004891
4.049998 0.004340
4.099998 0.003843
4.149999 0.003396
4.199999 0.002994
4.249999 0.002633
4.299999 0.002309
4.349999 0.002017
4.400000 0.001755
4.450000 0.001519
4.500000 0.001306
4.550000 0.001113
4.600000 0.000938
4.650001 0.000777
4.700001 0.000629
4.750001 0.000491
4.800001 0.000361
4.850001 0.000238
4.900002 0.000118
4.950002 0.000000
