-5.000000 0.000000
-4.950000 0.000443
-4.900000 0.000890
-4.849999 0.001345
-4.799999 0.001810
-4.749999 0.002292
-4.699999 0.002792
-4.649999 0.003315
-4.599998 0.003866
-4.549998 0.004448
-4.499998 0.005065
-4.449998 0.005723
-4.399998 0.006424
-4.349998 0.007175
-4.299997 0.007979
-4.249997 0.008841
-4.199997 0.009767
-4.149997 0.010761
-4.099997 0.011829
-4.049996 0.012975
-3.999996 0.014206
-3.949996 0.015528
-3.899997 0.016945
-3.849997 0.018464
-3.799997 0.020091
-3.749997 0.021831
-3.699997 0.023692
-3.649997 0.025679
-3.599997 0.027799
-3.549997 0.030058
-3.499997 0.032462
-3.449997 0.035019
-3.399997 0.037733
-3.349997 0.040612
-3.299997 0.043662
-3.249997 0.046889
-3.199997 0.050298
-3.149997 0.053896
-3.099997 0.057687
-3.049997 0.061678
-2.999997 0.065872
-2.949997 0.070275
-2.899997 0.074890
-2.849998 0.079721
-2.799998 0.084772
-2.749998 0.090044
-2.699998 0.095541
-2.649998 0.101262
-2.599998 0.107210
-2.549998 0.113383
-2.499998 0.119782
-2.449998 0.126404
-2.399998 0.133248
-2.349998 0.140309
-2.299998 0.147585
-2.249998 0.155069
-2.199998 0.162755
-2.149998 0.170638
-2.099998 0.178708
-2.049998 0.186956
-1.999998 0.195372
-1.949998 0.203946
-1.899998 0.212665
-1.849998 0.221516
-1.799999 0.230484
-1.749999 0.239555
-1.699999 0.248713
-1.649999 0.257941
-1.599999 0.267220
-1.549999 0.276534
-1.499999 0.285860
-1.449999 0.295181
-1.399999 0.304475
-1.349999 0.313721
-1.299999 0.322896
-1.249999 0.331978
-1.199999 0.340945
-1.149999 0.349774
-1.099999 0.358443
-1.049999 0.366927
-0.999999 0.375203
-0.949999 0.383250
-0.899999 0.391042
-0.849999 0.398559
-0.799999 0.405778
-0.749999 0.412679
-0.699999 0.419241
-0.649999 0.425445
-0.599999 0.431271
-0.549999 0.436700
-0.499999 0.441718
-0.449999 0.446307
-0.399999 0.450453
-0.349999 0.454144
-0.299999 0.457367
-0.249999 0.460112
-0.199999 0.462370
-0.149999 0.464134
-0.099999 0.465398
-0.049999 0.466158
0.000001 0.466412
0.050001 0.466158
0.100001 0.465398
0.150001 0.464134
0.200001 0.462370
0.250001 0.460112
0.300001 0.457367
0.350001 0.454144
0.400001 0.450453
0.450001 0.446307
0.500001 0.441718
0.550001 0.436700
0.600001 0.431270
0.650001 0.425445
0.700001 0.419241
0.750001 0.412679
0.800001 0.405778
0.850001 0.398558
0.900001 0.391042
0.950001 0.383249
1.000001 0.375203
1.050001 0.366926
1.100001 0.358443
1.150001 0.349774
1.200001 0.340945
1.250001 0.331978
1.300001 0.322896
1.350001 0.313720
1.400001 0.304475
1.450001 0.295180
1.500001 0.285860
1.550001 0.276533
1.600001 0.267220
1.650000 0.257940
1.700000 0.248713
1.750000 0.239555
1.800000 0.230484
1.850000 0.221515
1.900000 0.212664
1.950000 0.203946
2.000000 0.195372
2.050000 0.186955
2.100000 0.178707
2.150000 0.170637
2.200000 0.162755
2.250000 0.155068
2.300000 0.147584
2.350000 0.140308
2.400000 0.133247
2.450000 0.126403
2.500000 0.119781
2.550000 0.113382
2.600000 0.107209
2.650000 0.101261
2.700000 0.095539
2.750000 0.090042
2.799999 0.084770
2.849999 0.079719
2.899999 0.074887
2.949999 0.070271
2.999999 0.065868
3.049999 0.061673
3.099999 0.057682
3.149999 0.053890
3.199999 0.050291
3.249999 0.046881
3.299999 0.043653
3.349999 0.040602
3.399999 0.037721
3.449999 0.035005
3.499999 0.032447
3.549999 0.030040
3.599999 0.027779
3.649999 0.025656
3.699999 0.023666
3.749999 0.021801
3.799999 0.020057
3.849998 0.018425
3.899998 0.016901
3.949998 0.015479
3.999998 0.014151
4.049998 0.012913
4.099998 0.011758
4.149999 0.010682
4.199999 0.009678
4.249999 0.008742
4.299999 0.007867
4.349999 0.007050
4.400000 0.006285
4.450000 0.005567
4.500000 0.004891
4.550000 0.004254
4.600000 0.003650
4.650001 0.003075
4.700001 0.002525
4.750001 0.001996
4.800001 0.001482
4.850001 0.000982
4.900002 0.000489
4.950002 0.000000
