-5.000000 0.000000
-4.950000 0.000962
-4.900000 0.001929
-4.849999 0.002905
-4.799999 0.003895
-4.749999 0.004904
-4.699999 0.005936
-4.649999 0.006996
-4.599998 0.008089
-4.549998 0.009219
-4.499998 0.010392
-4.449998 0.011611
-4.399998 0.012881
-4.349998 0.014208
-4.299997 0.015597
-4.249997 0.017050
-4.199997 0.018575
-4.149997 0.020175
-4.099997 0.021855
-4.049996 0.023619
-3.999996 0.025474
-3.949996 0.027422
-3.899997 0.029469
-3.849997 0.031620
-3.799997 0.033878
-3.749997 0.036249
-3.699997 0.038736
-3.649997 0.041344
-3.599997 0.044077
-3.549997 0.046939
-3.499997 0.049933
-3.449997 0.053064
-3.399997 0.056334
-3.349997 0.059747
-3.299997 0.063306
-3.249997 0.067013
-3.199997 0.070872
-3.149997 0.074883
-3.099997 0.079050
-3.049997 0.083373
-2.999997 0.087853
-2.949997 0.092492
-2.899997 0.097290
-2.849998 0.102246
-2.799998 0.107360
-2.749998 0.112632
-2.699998 0.118059
-2.649998 0.123639
-2.599998 0.129370
-2.549998 0.135250
-2.499998 0.141274
-2.449998 0.147439
-2.399998 0.153739
-2.349998 0.160170
-2.299998 0.166726
-2.249998 0.173401
-2.199998 0.180187
-2.149998 0.187077
-2.099998 0.194063
-2.049998 0.201136
-1.999998 0.208288
-1.949998 0.215507
-1.899998 0.222785
-1.849998 0.230110
-1.799999 0.237471
-1.749999 0.244856
-1.699999 0.252253
-1.649999 0.259650
-1.599999 0.267033
-1.549999 0.274390
-1.499999 0.281706
-1.449999 0.288969
-1.399999 0.296163
-1.349999 0.303274
-1.299999 0.310289
-1.249999 0.317194
-1.199999 0.323973
-1.149999 0.330612
-1.099999 0.337096
-1.049999 0.343409
-0.999999 0.349540
-0.949999 0.355472
-0.899999 0.361193
-0.849999 0.366689
-0.799999 0.371948
-0.749999 0.376957
-0.699999 0.381703
-0.649999 0.386176
-0.599999 0.390363
-0.549999 0.394256
-0.499999 0.397845
-0.449999 0.401119
-0.399999 0.404072
-0.349999 0.406695
-0.299999 0.408983
-0.249999 0.410928
-0.199999 0.412527
-0.149999 0.413775
-0.099999 0.414669
-0.049999 0.415206
0.000001 0.415386
0.050001 0.415206
0.100001 0.414669
0.150001 0.413775
0.200001 0.412527
0.250001 0.410928
0.300001 0.408983
0.350001 0.406695
0.400001 0.404072
0.450001 0.401119
0.500001 0.397844
0.550001 0.394256
0.600001 0.390363
0.650001 0.386175
0.700001 0.381703
0.750001 0.376956
0.800001 0.371948
0.850001 0.366689
0.900001 0.361193
0.950001 0.355472
1.000001 0.349539
1.050001 0.343409
1.100001 0.337095
1.150001 0.330612
1.200001 0.323973
1.250001 0.317193
1.300001 0.310289
1.350001 0.303273
1.400001 0.296162
1.450001 0.288968
1.500001 0.281705
1.550001 0.274389
1.600001 0.267032
1.650000 0.259649
1.700000 0.252252
1.750000 0.244854
1.800000 0.237469
1.850000 0.230108
1.900000 0.222783
1.950000 0.215505
2.000000 0.208285
2.050000 0.201134
2.100000 0.194060
2.150000 0.187073
2.200000 0.180183
2.250000 0.173396
2.300000 0.166721
2.350000 0.160165
2.400000 0.153733
2.450000 0.147432
2.500000 0.141266
2.550000 0.135241
2.600000 0.129360
2.650000 0.123628
2.700000 0.118046
2.750000 0.112618
2.799999 0.107345
2.849999 0.102229
2.899999 0.097271
2.949999 0.092471
2.999999 0.087829
3.049999 0.083346
3.099999 0.079019
3.149999 0.074849
3.199999 0.070834
3.249999 0.066971
3.299999 0.063259
3.349999 0.059695
3.399999 0.056276
3.449999 0.052999
3.499999 0.049862
3.549999 0.046860
3.599999 0.043989
3.649999 0.041247
3.699999 0.038629
3.749999 0.036131
3.799999 0.033748
3.849998 0.031476
3.899998 0.029311
3.949998 0.027248
3.999998 0.025283
4.049998 0.023409
4.099998 0.021624
4.149999 0.019922
4.199999 0.018299
4.249999 0.016748
4.299999 0.015266
4.349999 0.013848
4.400000 0.012488
4.450000 0.011182
4.500000 0.009925
4.550000 0.008712
4.600000 0.007537
4.650001 0.006397
4.700001 0.005287
4.750001 0.004200
4.800001 0.003133
4.850001 0.002081
4.900002 0.001038
4.950002 0.000000
