-5.000000 0.000000
-4.950000 0.001518
-4.900000 0.003041
-4.849999 0.004572
-4.799999 0.006117
-4.749999 0.007680
-4.699999 0.009266
-4.649999 0.010878
-4.599998 0.012521
-4.549998 0.014200
-4.499998 0.015918
-4.449998 0.017681
-4.399998 0.019492
-4.349998 0.021356
-4.299997 0.023277
-4.249997 0.025258
-4.199997 0.027304
-4.149997 0.029419
-4.099997 0.031606
-4.049996 0.033870
-3.999996 0.036213
-3.949996 0.038640
-3.899997 0.041153
-3.849997 0.043757
-3.799997 0.046453
-3.749997 0.049246
-3.699997 0.052138
-3.649997 0.055131
-3.599997 0.058228
-3.549997 0.061431
-3.499997 0.064743
-3.449997 0.068165
-3.399997 0.071698
-3.349997 0.075345
-3.299997 0.079105
-3.249997 0.082981
-3.199997 0.086973
-3.149997 0.091080
-3.099997 0.095304
-3.049997 0.099643
-2.999997 0.104097
-2.949997 0.108666
-2.899997 0.113347
-2.849998 0.118140
-2.799998 0.123042
-2.749998 0.128051
-2.699998 0.133164
-2.649998 0.138379
-2.599998 0.143692
-2.549998 0.149099
-2.499998 0.154596
-2.449998 0.160179
-2.399998 0.165844
-2.349998 0.171583
-2.299998 0.177393
-2.249998 0.183267
-2.199998 0.189199
-2.149998 0.195182
-2.099998 0.201210
-2.049998 0.207274
-1.999998 0.213368
-1.949998 0.219483
-1.899998 0.225612
-1.849998 0.231746
-1.799999 0.237876
-1.749999 0.243994
-1.699999 0.250089
-1.649999 0.256154
-1.599999 0.262178
-1.549999 0.268151
-1.499999 0.274067
-1.449999 0.279913
-1.399999 0.285681
-1.349999 0.291359
-1.299999 0.296935
-1.249999 0.302401
-1.199999 0.307747
-1.149999 0.312962
-1.099999 0.318038
-1.049999 0.322965
-0.999999 0.327735
-0.949999 0.332337
-0.899999 0.336763
-0.849999 0.341004
-0.799999 0.345053
-0.749999 0.348899
-0.699999 0.352536
-0.649999 0.355955
-0.599999 0.359151
-0.549999 0.362116
-0.499999 0.364845
-0.449999 0.367332
-0.399999 0.369571
-0.349999 0.371559
-0.299999 0.373290
-0.249999 0.374761
-0.199999 0.375969
-0.149999 0.376911
-0.099999 0.377585
-0.049999 0.377990
0.000001 0.378126
0.050001 0.377990
0.100001 0.377585
0.150001 0.376910
0.200001 0.375969
0.250001 0.374761
0.300001 0.373290
0.350001 0.371559
0.400001 0.369571
0.450001 0.367332
0.500001 0.364845
0.550001 0.362116
0.600001 0.359150
0.650001 0.355955
0.700001 0.352535
0.750001 0.348898
0.800001 0.345052
0.850001 0.341003
0.900001 0.336762
0.950001 0.332336
1.000001 0.327734
1.050001 0.322964
1.100001 0.318036
1.150001 0.312961
1.200001 0.307745
1.250001 0.302399
1.300001 0.296933
1.350001 0.291356
1.400001 0.285679
1.450001 0.279911
1.500001 0.274063
1.550001 0.268148
1.600001 0.262173
1.650000 0.256149
1.700000 0.250084
1.750000 0.243987
1.800000 0.237869
1.850000 0.231738
1.900000 0.225603
1.950000 0.219474
2.000000 0.213357
2.050000 0.207262
2.100000 0.201197
2.150000 0.195168
2.200000 0.189183
2.250000 0.183249
2.300000 0.177373
2.350000 0.171561
2.400000 0.165819
2.450000 0.160153
2.500000 0.154567
2.550000 0.149066
2.600000 0.143656
2.650000 0.138340
2.700000 0.133121
2.750000 0.128003
2.799999 0.122989
2.849999 0.118082
2.899999 0.113284
2.949999 0.108596
2.999999 0.104021
3.049999 0.099560
3.099999 0.095213
3.149999 0.090981
3.199999 0.086864
3.249999 0.082862
3.299999 0.078975
3.349999 0.075203
3.399999 0.071543
3.449999 0.067996
3.499999 0.064560
3.549999 0.061232
3.599999 0.058011
3.649999 0.054896
3.699999 0.051883
3.749999 0.048969
3.799999 0.046154
3.849998 0.043432
3.899998 0.040802
3.949998 0.038261
3.999998 0.035804
4.049998 0.033428
4.099998 0.031130
4.149999 0.028906
4.199999 0.026752
4.249999 0.024664
4.299999 0.022638
4.349999 0.020670
4.400000 0.018756
4.450000 0.016892
4.500000 0.015073
4.550000 0.013294
4.600000 0.011552
4.650001 0.009842
4.700001 0.008160
4.750001 0.006500
4.800001 0.004859
4.850001 0.003232
4.900002 0.001614
4.950002 0.000000
