-5.000000 0.000000
-4.950000 0.002019
-4.900000 0.004041
-4.849999 0.006071
-4.799999 0.008113
-4.749999 0.010169
-4.699999 0.012245
-4.649999 0.014343
-4.599998 0.016467
-4.549998 0.018622
-4.499998 0.020810
-4.449998 0.023035
-4.399998 0.025300
-4.349998 0.027609
-4.299997 0.029966
-4.249997 0.032372
-4.199997 0.034833
-4.149997 0.037349
-4.099997 0.039925
-4.049996 0.042563
-3.999996 0.045266
-3.949996 0.048036
-3.899997 0.050875
-3.849997 0.053787
-3.799997 0.056772
-3.749997 0.059834
-3.699997 0.062973
-3.649997 0.066191
-3.599997 0.069490
-3.549997 0.072870
-3.499997 0.076334
-3.449997 0.079881
-3.399997 0.083512
-3.349997 0.087227
-3.299997 0.091028
-3.249997 0.094913
-3.199997 0.098882
-3.149997 0.102935
-3.099997 0.107071
-3.049997 0.111289
-2.999997 0.115588
-2.949997 0.119965
-2.899997 0.124420
-2.849998 0.128951
-2.799998 0.133554
-2.749998 0.138227
-2.699998 0.142968
-2.649998 0.147773
-2.599998 0.152640
-2.549998 0.157564
-2.499998 0.162542
-2.449998 0.167570
-2.399998 0.172642
-2.349998 0.177755
-2.299998 0.182903
-2.249998 0.188082
-2.199998 0.193287
-2.149998 0.198511
-2.099998 0.203750
-2.049998 0.208997
-1.999998 0.214245
-1.949998 0.219490
-1.899998 0.224723
-1.849998 0.229940
-1.799999 0.235132
-1.749999 0.240294
-1.699999 0.245419
-1.649999 0.250498
-1.599999 0.255526
-1.549999 0.260495
-1.499999 0.265399
-1.449999 0.270230
-1.399999 0.274980
-1.349999 0.279642
-1.299999 0.284208
-1.249999 0.288671
-1.199999 0.293024
-1.149999 0.297262
-1.099999 0.301376
-1.049999 0.305361
-0.999999 0.309209
-0.949999 0.312915
-0.899999 0.316471
-0.849999 0.319872
-0.799999 0.323112
-0.749999 0.326187
-0.699999 0.329088
-0.649999 0.331813
-0.599999 0.334354
-0.549999 0.336710
-0.499999 0.338877
-0.449999 0.340848
-0.399999 0.342622
-0.349999 0.344196
-0.299999 0.345565
-0.249999 0.346726
-0.199999 0.347680
-0.149999 0.348424
-0.099999 0.348956
-0.049999 0.349276
0.000001 0.349383
0.050001 0.349276
0.100001 0.348956
0.150001 0.348424
0.200001 0.347680
0.250001 0.346726
0.300001 0.345564
0.350001 0.344195
0.400001 0.342621
0.450001 0.340847
0.500001 0.338875
0.550001 0.336709
0.600001 0.334352
0.650001 0.331810
0.700001 0.329086
0.750001 0.326184
0.800001 0.323109
0.850001 0.319868
0.900001 0.316467
0.950001 0.312910
1.000001 0.309204
1.050001 0.305355
1.100001 0.301370
1.150001 0.297254
1.200001 0.293016
1.250001 0.288662
1.300001 0.284198
1.350001 0.279630
1.400001 0.274967
1.450001 0.270216
1.500001 0.265385
1.550001 0.260480
1.600001 0.255509
1.650000 0.250480
1.700000 0.245399
1.750000 0.240273
1.800000 0.235110
1.850000 0.229916
1.900000 0.224697
1.950000 0.219461
2.000000 0.214214
2.050000 0.208962
2.100000 0.203713
2.150000 0.198471
2.200000 0.193243
2.250000 0.188035
2.300000 0.182851
2.350000 0.177698
2.400000 0.172580
2.450000 0.167502
2.500000 0.162469
2.550000 0.157485
2.600000 0.152554
2.650000 0.147680
2.700000 0.142866
2.750000 0.138117
2.799999 0.133434
2.849999 0.128820
2.899999 0.124280
2.949999 0.119813
2.999999 0.115424
3.049999 0.111112
3.099999 0.106880
3.149999 0.102729
3.199999 0.098660
3.249999 0.094673
3.299999 0.090770
3.349999 0.086950
3.399999 0.083213
3.449999 0.079560
3.499999 0.075989
3.549999 0.072501
3.599999 0.069093
3.649999 0.065766
3.699999 0.062518
3.749999 0.059347
3.799999 0.056252
3.849998 0.053231
3.899998 0.050281
3.949998 0.047402
3.999998 0.044589
4.049998 0.041842
4.099998 0.039157
4.149999 0.036532
4.199999 0.033964
4.249999 0.031449
4.299999 0.028985
4.349999 0.026568
4.400000 0.024195
4.450000 0.021864
4.500000 0.019569
4.550000 0.017309
4.600000 0.015079
4.650001 0.012875
4.700001 0.010694
4.750001 0.008532
4.800001 0.006386
4.850001 0.004251
4.900002 0.002123
4.950002 0.000000
