-5.000000 0.000000
-4.950000 0.002427
-4.900000 0.004857
-4.849999 0.007292
-4.799999 0.009737
-4.749999 0.012194
-4.699999 0.014665
-4.649999 0.017155
-4.599998 0.019664
-4.549998 0.022197
-4.499998 0.024757
-4.449998 0.027345
-4.399998 0.029965
-4.349998 0.032618
-4.299997 0.035308
-4.249997 0.038037
-4.199997 0.040807
-4.149997 0.043621
-4.099997 0.046479
-4.049996 0.049386
-3.999996 0.052341
-3.949996 0.055347
-3.899997 0.058406
-3.849997 0.061519
-3.799997 0.064687
-3.749997 0.067912
-3.699997 0.071195
-3.649997 0.074536
-3.599997 0.077936
-3.549997 0.081396
-3.499997 0.084916
-3.449997 0.088496
-3.399997 0.092136
-3.349997 0.095837
-3.299997 0.099597
-3.249997 0.103417
-3.199997 0.107296
-3.149997 0.111232
-3.099997 0.115224
-3.049997 0.119272
-2.999997 0.123374
-2.949997 0.127528
-2.899997 0.131732
-2.849998 0.135983
-2.799998 0.140282
-2.749998 0.144624
-2.699998 0.149007
-2.649998 0.153428
-2.599998 0.157884
-2.549998 0.162372
-2.499998 0.166888
-2.449998 0.171429
-2.399998 0.175992
-2.349998 0.180571
-2.299998 0.185164
-2.249998 0.189766
-2.199998 0.194372
-2.149998 0.198978
-2.099998 0.203580
-2.049998 0.208173
-1.999998 0.212752
-1.949998 0.217311
-1.899998 0.221846
-1.849998 0.226352
-1.799999 0.230824
-1.749999 0.235256
-1.699999 0.239643
-1.649999 0.243979
-1.599999 0.248260
-1.549999 0.252480
-1.499999 0.256634
-1.449999 0.260714
-1.399999 0.264717
-1.349999 0.268636
-1.299999 0.272467
-1.249999 0.276204
-1.199999 0.279844
-1.149999 0.283380
-1.099999 0.286805
-1.049999 0.290115
-0.999999 0.293306
-0.949999 0.296374
-0.899999 0.299314
-0.849999 0.302121
-0.799999 0.304793
-0.749999 0.307323
-0.699999 0.309709
-0.649999 0.311947
-0.599999 0.314034
-0.549999 0.315965
-0.499999 0.317739
-0.449999 0.319353
-0.399999 0.320804
-0.349999 0.322090
-0.299999 0.323208
-0.249999 0.324157
-0.199999 0.324936
-0.149999 0.325543
-0.099999 0.325977
-0.049999 0.326238
0.000001 0.326326
0.050001 0.326238
0.100001 0.325976
0.150001 0.325541
0.200001 0.324934
0.250001 0.324155
0.300001 0.323206
0.350001 0.322087
0.400001 0.320800
0.450001 0.319349
0.500001 0.317735
0.550001 0.315960
0.600001 0.314028
0.650001 0.311941
0.700001 0.309702
0.750001 0.307316
0.800001 0.304784
0.850001 0.302112
0.900001 0.299304
0.950001 0.296363
1.000001 0.293294
1.050001 0.290102
1.100001 0.286791
1.150001 0.283365
1.200001 0.279828
1.250001 0.276187
1.300001 0.272447
1.350001 0.268613
1.400001 0.264692
1.450001 0.260688
1.500001 0.256605
1.550001 0.252449
1.600001 0.248227
1.650000 0.243943
1.700000 0.239603
1.750000 0.235213
1.800000 0.230777
1.850000 0.226301
1.900000 0.221790
1.950000 0.217249
2.000000 0.212684
2.050000 0.208100
2.100000 0.203502
2.150000 0.198894
2.200000 0.194281
2.250000 0.189668
2.300000 0.185059
2.350000 0.180458
2.400000 0.175869
2.450000 0.171298
2.500000 0.166747
2.550000 0.162220
2.600000 0.157721
2.650000 0.153253
2.700000 0.148819
2.750000 0.144422
2.799999 0.140066
2.849999 0.135752
2.899999 0.131483
2.949999 0.127262
2.999999 0.123090
3.049999 0.118969
3.099999 0.114901
3.149999 0.110886
3.199999 0.106927
3.249999 0.103025
3.299999 0.099179
3.349999 0.095392
3.399999 0.091662
3.449999 0.087992
3.499999 0.084380
3.549999 0.080826
3.599999 0.077331
3.649999 0.073894
3.699999 0.070515
3.749999 0.067191
3.799999 0.063924
3.849998 0.060711
3.899998 0.057551
3.949998 0.054443
3.999998 0.051385
4.049998 0.048376
4.099998 0.045414
4.149999 0.042497
4.199999 0.039623
4.249999 0.036790
4.299999 0.033995
4.349999 0.031236
4.400000 0.028511
4.450000 0.025818
4.500000 0.023153
4.550000 0.020514
4.600000 0.017898
4.650001 0.015303
4.700001 0.012725
4.750001 0.010162
4.800001 0.007611
4.850001 0.005069
4.900002 0.002533
4.950002 0.000000
