-5.000000 0.000000
-4.950000 0.002738
-4.900000 0.005479
-4.849999 0.008224
-4.799999 0.010976
-4.749999 0.013736
-4.699999 0.016508
-4.649999 0.019292
-4.599998 0.022092
-4.549998 0.024909
-4.499998 0.027745
-4.449998 0.030603
-4.399998 0.033483
-4.349998 0.036389
-4.299997 0.039321
-4.249997 0.042282
-4.199997 0.045272
-4.149997 0.048294
-4.099997 0.051349
-4.049996 0.054438
-3.999996 0.057563
-3.949996 0.060724
-3.899997 0.063922
-3.849997 0.067159
-3.799997 0.070436
-3.749997 0.073752
-3.699997 0.077110
-3.649997 0.080507
-3.599997 0.083946
-3.549997 0.087427
-3.499997 0.090948
-3.449997 0.094511
-3.399997 0.098115
-3.349997 0.101759
-3.299997 0.105442
-3.249997 0.109166
-3.199997 0.112927
-3.149997 0.116725
-3.099997 0.120560
-3.049997 0.124429
-2.999997 0.128332
-2.949997 0.132266
-2.899997 0.136230
-2.849998 0.140223
-2.799998 0.144240
-2.749998 0.148282
-2.699998 0.152346
-2.649998 0.156428
-2.599998 0.160528
-2.549998 0.164640
-2.499998 0.168763
-2.449998 0.172894
-2.399998 0.177030
-2.349998 0.181166
-2.299998 0.185301
-2.249998 0.189431
-2.199998 0.193551
-2.149998 0.197659
-2.099998 0.201751
-2.049998 0.205822
-1.999998 0.209870
-1.949998 0.213889
-1.899998 0.217877
-1.849998 0.221828
-1.799999 0.225739
-1.749999 0.229606
-1.699999 0.233425
-1.649999 0.237190
-1.599999 0.240900
-1.549999 0.244547
-1.499999 0.248130
-1.449999 0.251643
-1.399999 0.255083
-1.349999 0.258445
-1.299999 0.261726
-1.249999 0.264921
-1.199999 0.268026
-1.149999 0.271037
-1.099999 0.273951
-1.049999 0.276763
-0.999999 0.279471
-0.949999 0.282070
-0.899999 0.284559
-0.849999 0.286932
-0.799999 0.289187
-0.749999 0.291322
-0.699999 0.293334
-0.649999 0.295218
-0.599999 0.296972
-0.549999 0.298595
-0.499999 0.300084
-0.449999 0.301438
-0.399999 0.302654
-0.349999 0.303731
-0.299999 0.304668
-0.249999 0.305463
-0.199999 0.306114
-0.149999 0.306622
-0.099999 0.306985
-0.049999 0.307202
0.000001 0.307275
0.050001 0.307201
0.100001 0.306983
0.150001 0.306620
0.200001 0.306111
0.250001 0.305458
0.300001 0.304663
0.350001 0.303725
0.400001 0.302646
0.450001 0.301429
0.500001 0.300074
0.550001 0.298583
0.600001 0.296960
0.650001 0.295205
0.700001 0.293319
0.750001 0.291305
0.800001 0.289168
0.850001 0.286911
0.900001 0.284536
0.950001 0.282046
1.000001 0.279444
1.050001 0.276734
1.100001 0.273918
1.150001 0.271002
1.200001 0.267988
1.250001 0.264881
1.300001 0.261683
1.350001 0.258399
1.400001 0.255034
1.450001 0.251590
1.500001 0.248073
1.550001 0.244485
1.600001 0.240833
1.650000 0.237119
1.700000 0.233347
1.750000 0.229523
1.800000 0.225649
1.850000 0.221731
1.900000 0.217773
1.950000 0.213778
2.000000 0.209750
2.050000 0.205694
2.100000 0.201613
2.150000 0.197512
2.200000 0.193394
2.250000 0.189263
2.300000 0.185123
2.350000 0.180976
2.400000 0.176827
2.450000 0.172678
2.500000 0.168533
2.550000 0.164395
2.600000 0.160266
2.650000 0.156151
2.700000 0.152051
2.750000 0.147969
2.799999 0.143907
2.849999 0.139868
2.899999 0.135854
2.949999 0.131867
2.999999 0.127909
3.049999 0.123981
3.099999 0.120085
3.149999 0.116223
3.199999 0.112395
3.249999 0.108603
3.299999 0.104848
3.349999 0.101131
3.399999 0.097452
3.449999 0.093811
3.499999 0.090210
3.549999 0.086649
3.599999 0.083127
3.649999 0.079644
3.699999 0.076201
3.749999 0.072797
3.799999 0.069431
3.849998 0.066103
3.899998 0.062813
3.949998 0.059559
3.999998 0.056341
4.049998 0.053157
4.099998 0.050006
4.149999 0.046888
4.199999 0.043800
4.249999 0.040741
4.299999 0.037710
4.349999 0.034705
4.400000 0.031725
4.450000 0.028767
4.500000 0.025830
4.550000 0.022911
4.600000 0.020010
4.650001 0.017123
4.700001 0.014250
4.750001 0.011387
4.800001 0.008532
4.850001 0.005685
4.900002 0.002841
4.950002 0.000000
