-5.000000 0.000000
-4.950000 0.002963
-4.900000 0.005928
-4.849999 0.008896
-4.799999 0.011869
-4.749999 0.014848
-4.699999 0.017834
-4.649999 0.020830
-4.599998 0.023836
-4.549998 0.026854
-4.499998 0.029886
-4.449998 0.032932
-4.399998 0.035995
-4.349998 0.039074
-4.299997 0.042173
-4.249997 0.045290
-4.199997 0.048429
-4.149997 0.051588
-4.099997 0.054771
-4.049996 0.057977
-3.999996 0.061206
-3.949996 0.064461
-3.899997 0.067740
-3.849997 0.071046
-3.799997 0.074377
-3.749997 0.077735
-3.699997 0.081120
-3.649997 0.084531
-3.599997 0.087969
-3.549997 0.091434
-3.499997 0.094925
-3.449997 0.098441
-3.399997 0.101984
-3.349997 0.105551
-3.299997 0.109143
-3.249997 0.112758
-3.199997 0.116395
-3.149997 0.120054
-3.099997 0.123733
-3.049997 0.127431
-2.999997 0.131147
-2.949997 0.134879
-2.899997 0.138626
-2.849998 0.142386
-2.799998 0.146156
-2.749998 0.149937
-2.699998 0.153724
-2.649998 0.157515
-2.599998 0.161310
-2.549998 0.165106
-2.499998 0.168899
-2.449998 0.172689
-2.399998 0.176471
-2.349998 0.180244
-2.299998 0.184004
-2.249998 0.187749
-2.199998 0.191475
-2.149998 0.195181
-2.099998 0.198862
-2.049998 0.202516
-1.999998 0.206140
-1.949998 0.209730
-1.899998 0.213284
-1.849998 0.216798
-1.799999 0.220269
-1.749999 0.223693
-1.699999 0.227067
-1.649999 0.230389
-1.599999 0.233654
-1.549999 0.236860
-1.499999 0.240003
-1.449999 0.243079
-1.399999 0.246086
-1.349999 0.249021
-1.299999 0.251880
-1.249999 0.254661
-1.199999 0.257360
-1.149999 0.259974
-1.099999 0.262499
-1.049999 0.264934
-0.999999 0.267275
-0.949999 0.269521
-0.899999 0.271669
-0.849999 0.273714
-0.799999 0.275656
-0.749999 0.277493
-0.699999 0.279221
-0.649999 0.280839
-0.599999 0.282345
-0.549999 0.283738
-0.499999 0.285015
-0.449999 0.286175
-0.399999 0.287217
-0.349999 0.288139
-0.299999 0.288940
-0.249999 0.289620
-0.199999 0.290177
-0.149999 0.290612
-0.099999 0.290923
-0.049999 0.291110
0.000001 0.291172
0.050001 0.291108
0.100001 0.290920
0.150001 0.290606
0.200001 0.290170
0.250001 0.289611
0.300001 0.288929
0.350001 0.288126
0.400001 0.287202
0.450001 0.286158
0.500001 0.284996
0.550001 0.283717
0.600001 0.282322
0.650001 0.280814
0.700001 0.279193
0.750001 0.277462
0.800001 0.275623
0.850001 0.273678
0.900001 0.271631
0.950001 0.269480
1.000001 0.267230
1.050001 0.264884
1.100001 0.262445
1.150001 0.259916
1.200001 0.257298
1.250001 0.254595
1.300001 0.251809
1.350001 0.248945
1.400001 0.246004
1.450001 0.242991
1.500001 0.239908
1.550001 0.236758
1.600001 0.233546
1.650000 0.230273
1.700000 0.226944
1.750000 0.223561
1.800000 0.220128
1.850000 0.216648
1.900000 0.213124
1.950000 0.209559
2.000000 0.205957
2.050000 0.202321
2.100000 0.198655
2.150000 0.194960
2.200000 0.191241
2.250000 0.187500
2.300000 0.183740
2.350000 0.179964
2.400000 0.176175
2.450000 0.172375
2.500000 0.168567
2.550000 0.164754
2.600000 0.160939
2.650000 0.157122
2.700000 0.153308
2.750000 0.149498
2.799999 0.145693
2.849999 0.141897
2.899999 0.138111
2.949999 0.134336
2.999999 0.130575
3.049999 0.126829
3.099999 0.123099
3.149999 0.119387
3.199999 0.115694
3.249999 0.112021
3.299999 0.108369
3.349999 0.104739
3.399999 0.101132
3.449999 0.097548
3.499999 0.093988
3.549999 0.090453
3.599999 0.086942
3.649999 0.083456
3.699999 0.079994
3.749999 0.076559
3.799999 0.073147
3.849998 0.069761
3.899998 0.066399
3.949998 0.063061
3.999998 0.059746
4.049998 0.056454
4.099998 0.053184
4.149999 0.049935
4.199999 0.046708
4.249999 0.043500
4.299999 0.040310
4.349999 0.037138
4.400000 0.033983
4.450000 0.030843
4.500000 0.027718
4.550000 0.024605
4.600000 0.021503
4.650001 0.018412
4.700001 0.015330
4.750001 0.012255
4.800001 0.009186
4.850001 0.006122
4.900002 0.003060
4.950002 0.000000
