-5.000000 0.000000
-4.950000 0.003116
-4.900000 0.006233
-4.849999 0.009352
-4.799999 0.012475
-4.749999 0.015601
-4.699999 0.018732
-4.649999 0.021869
-4.599998 0.025013
-4.549998 0.028165
-4.499998 0.031326
-4.449998 0.034496
-4.399998 0.037677
-4.349998 0.040868
-4.299997 0.044071
-4.249997 0.047287
-4.199997 0.050516
-4.149997 0.053759
-4.099997 0.057015
-4.049996 0.060287
-3.999996 0.063573
-3.949996 0.066874
-3.899997 0.070191
-3.849997 0.073523
-3.799997 0.076872
-3.749997 0.080236
-3.699997 0.083616
-3.649997 0.087011
-3.599997 0.090422
-3.549997 0.093848
-3.499997 0.097288
-3.449997 0.100742
-3.399997 0.104211
-3.349997 0.107692
-3.299997 0.111185
-3.249997 0.114689
-3.199997 0.118204
-3.149997 0.121728
-3.099997 0.125261
-3.049997 0.128801
-2.999997 0.132348
-2.949997 0.135898
-2.899997 0.139452
-2.849998 0.143008
-2.799998 0.146564
-2.749998 0.150118
-2.699998 0.153669
-2.649998 0.157214
-2.599998 0.160753
-2.549998 0.164282
-2.499998 0.167800
-2.449998 0.171306
-2.399998 0.174795
-2.349998 0.178267
-2.299998 0.181719
-2.249998 0.185150
-2.199998 0.188556
-2.149998 0.191935
-2.099998 0.195286
-2.049998 0.198604
-1.999998 0.201888
-1.949998 0.205136
-1.899998 0.208344
-1.849998 0.211511
-1.799999 0.214633
-1.749999 0.217707
-1.699999 0.220731
-1.649999 0.223702
-1.599999 0.226617
-1.549999 0.229475
-1.499999 0.232273
-1.449999 0.235008
-1.399999 0.237678
-1.349999 0.240279
-1.299999 0.242810
-1.249999 0.245269
-1.199999 0.247652
-1.149999 0.249957
-1.099999 0.252183
-1.049999 0.254325
-0.999999 0.256383
-0.949999 0.258355
-0.899999 0.260239
-0.849999 0.262032
-0.799999 0.263733
-0.749999 0.265340
-0.699999 0.266852
-0.649999 0.268266
-0.599999 0.269582
-0.549999 0.270797
-0.499999 0.271912
-0.449999 0.272924
-0.399999 0.273833
-0.349999 0.274636
-0.299999 0.275334
-0.249999 0.275926
-0.199999 0.276411
-0.149999 0.276788
-0.099999 0.277057
-0.049999 0.277218
0.000001 0.277271
0.050001 0.277215
0.100001 0.277051
0.150001 0.276779
0.200001 0.276399
0.250001 0.275911
0.300001 0.275316
0.350001 0.274615
0.400001 0.273808
0.450001 0.272896
0.500001 0.271881
0.550001 0.270763
0.600001 0.269543
0.650001 0.268223
0.700001 0.266805
0.750001 0.265289
0.800001 0.263677
0.850001 0.261972
0.900001 0.260173
0.950001 0.258285
1.000001 0.256308
1.050001 0.254245
1.100001 0.252096
1.150001 0.249865
1.200001 0.247553
1.250001 0.245164
1.300001 0.242700
1.350001 0.240163
1.400001 0.237554
1.450001 0.234876
1.500001 0.232132
1.550001 0.229324
1.600001 0.226455
1.650000 0.223528
1.700000 0.220545
1.750000 0.217510
1.800000 0.214425
1.850000 0.211292
1.900000 0.208114
1.950000 0.204892
2.000000 0.201631
2.050000 0.198331
2.100000 0.194996
2.150000 0.191629
2.200000 0.188233
2.250000 0.184809
2.300000 0.181360
2.350000 0.177887
2.400000 0.174395
2.450000 0.170884
2.500000 0.167356
2.550000 0.163815
2.600000 0.160262
2.650000 0.156698
2.700000 0.153126
2.750000 0.149549
2.799999 0.145967
2.849999 0.142381
2.899999 0.138796
2.949999 0.135210
2.999999 0.131627
3.049999 0.128047
3.099999 0.124471
3.149999 0.120902
3.199999 0.117339
3.249999 0.113785
3.299999 0.110240
3.349999 0.106705
3.399999 0.103181
3.449999 0.099668
3.499999 0.096167
3.549999 0.092679
3.599999 0.089204
3.649999 0.085743
3.699999 0.082295
3.749999 0.078862
3.799999 0.075442
3.849998 0.072037
3.899998 0.068646
3.949998 0.065270
3.999998 0.061907
4.049998 0.058558
4.099998 0.055222
4.149999 0.051899
4.199999 0.048589
4.249999 0.045290
4.299999 0.042004
4.349999 0.038728
4.400000 0.035463
4.450000 0.032207
4.500000 0.028960
4.550000 0.025722
4.600000 0.022490
4.650001 0.019265
4.700001 0.016046
4.750001 0.012831
4.800001 0.009620
4.850001 0.006412
4.900002 0.003205
4.950002 0.000000
